3
144 -384 -377
1144 616 623
881 311 -178
290 422 314
426 41 137
5
83 433 413
1083 1433 1413
698 930 418
461 1077 1002
426 730 524
1048 915 660
660 1083 766
4
-144 217 236
856 1217 1236
179 243 603
827 1118 571
474 338 620
811 587 1129
5
-492 95 256
508 1095 1256
-350 465 290
424 251 589
180 168 488
57 883 783
158 732 1060
3
-387 -191 -265
613 809 735
256 577 141
174 294 699
-113 520 374
6
-486 21 362
514 1021 1362
-287 764 1069
-123 478 607
-74 507 856
-277 187 859
-324 170 660
-85 1005 583
3
-430 37 227
570 1037 1227
10 812 783
96 1008 1047
-328 323 805
3
27 -226 124
1027 774 1124
907 150 270
1005 -30 193
734 473 981
3
-331 436 -183
669 1436 817
306 1141 118
-37 1388 414
343 981 242
6
-162 -193 -466
838 807 534
593 628 204
76 412 263
41 577 -424
19 -103 38
408 769 -408
282 696 245
3
-166 90 -371
834 1090 629
47 1067 -102
480 306 51
303 777 -49
4
162 -401 -230
1162 599 770
1043 235 724
508 188 759
340 -155 -163
904 242 66
4
-394 -176 237
606 824 1237
466 473 583
420 747 896
267 -58 759
-273 -17 858
4
448 260 -248
1448 1260 752
754 458 22
581 1035 426
1198 895 -23
1012 757 482
5
-235 -109 -195
765 891 805
447 620 620
34 352 426
525 158 639
244 863 -116
-84 48 19
4
165 -289 -60
1165 711 940
576 551 695
633 590 17
1031 138 910
519 -248 657
5
411 -252 83
1411 748 1083
725 244 834
672 67 627
1003 618 440
1097 281 227
688 425 783
5
143 212 -458
1143 1212 542
463 553 -256
1039 733 243
1000 828 473
912 617 -178
755 291 -245
6
112 58 -458
1112 1058 542
1023 353 -303
696 297 487
803 388 459
707 911 -119
819 1050 401
621 352 260
5
408 473 123
1408 1473 1123
1221 535 361
677 654 238
1392 1238 345
1340 613 384
1393 626 1004
6
-84 373 -250
916 1373 750
27 621 604
409 719 184
398 535 174
558 1231 -239
176 643 393
99 711 644
6
241 -351 -426
1241 649 574
1203 -150 -422
604 -238 566
460 327 278
1075 -20 -94
1232 264 154
590 94 -193
3
-193 268 -489
807 1268 511
269 778 -439
51 750 -262
-95 388 502
6
162 -75 190
1162 925 1190
976 242 282
173 505 538
253 736 484
506 658 516
672 530 972
188 290 539
3
104 -70 445
1104 930 1445
178 805 904
546 426 1240
287 324 494
5
152 247 198
1152 1247 1198
716 644 697
812 371 559
928 1071 715
928 577 1197
169 737 372
4
-27 378 -299
973 1378 701
319 911 78
460 944 585
-18 1189 -163
426 1179 -294
4
-23 273 -194
977 1273 806
94 718 519
202 1217 406
829 432 320
632 1221 692
6
-266 111 -403
734 1111 597
168 563 -129
391 194 566
228 158 478
-58 759 244
74 923 -393
-140 615 -147
5
219 -294 -179
1219 706 821
517 -55 590
719 151 276
239 -208 491
574 686 29
750 129 2
0
